0 128 1
1 129 1
2 130 1
3 131 1
4 132 1
5 133 1
6 134 1
7 135 1
8 136 1
9 137 1
10 138 1
11 139 1
12 140 1
13 141 1
14 142 1
15 143 1
16 144 1
17 145 1
18 146 1
19 147 1
20 148 1
21 149 1
22 150 1
23 151 1
24 152 1
25 153 1
26 154 1
27 155 1
28 156 1
29 157 1
30 158 1
31 159 1
32 160 1
33 161 1
34 162 1
35 163 1
36 164 1
37 165 1
38 166 1
39 167 1
40 168 1
41 169 1
42 170 1
43 171 1
44 172 1
45 173 1
46 174 1
47 175 1
48 176 1
49 177 1
50 178 1
51 179 1
52 180 1
53 181 1
54 182 1
55 183 1
56 184 1
57 185 1
58 186 1
59 187 1
60 188 1
61 189 1
62 190 1
63 191 1
64 192 1
65 193 1
66 194 1
67 195 1
68 196 1
69 197 1
70 198 1
71 199 1
72 200 1
73 201 1
74 202 1
75 203 1
76 204 1
77 205 1
78 206 1
79 207 1
80 208 1
81 209 1
82 210 1
83 211 1
84 212 1
85 213 1
86 214 1
87 215 1
88 216 1
89 217 1
90 218 1
91 219 1
92 220 1
93 221 1
94 222 1
95 223 1
96 224 1
97 225 1
98 226 1
99 227 1
100 228 1
101 229 1
102 230 1
103 231 1
104 232 1
105 233 1
106 234 1
107 235 1
108 236 1
109 237 1
110 238 1
111 239 1
112 240 1
113 241 1
114 242 1
115 243 1
116 244 1
117 245 1
118 246 1
119 247 1
120 248 1
121 249 1
122 250 1
123 251 1
124 252 1
125 253 1
126 254 1
127 255 1
0 64 2
1 65 2
2 66 2
3 67 2
4 68 2
5 69 2
6 70 2
7 71 2
8 72 2
9 73 2
10 74 2
11 75 2
12 76 2
13 77 2
14 78 2
15 79 2
16 80 2
17 81 2
18 82 2
19 83 2
20 84 2
21 85 2
22 86 2
23 87 2
24 88 2
25 89 2
26 90 2
27 91 2
28 92 2
29 93 2
30 94 2
31 95 2
32 96 2
33 97 2
34 98 2
35 99 2
36 100 2
37 101 2
38 102 2
39 103 2
40 104 2
41 105 2
42 106 2
43 107 2
44 108 2
45 109 2
46 110 2
47 111 2
48 112 2
49 113 2
50 114 2
51 115 2
52 116 2
53 117 2
54 118 2
55 119 2
56 120 2
57 121 2
58 122 2
59 123 2
60 124 2
61 125 2
62 126 2
63 127 2
128 192 3
129 193 3
130 194 3
131 195 3
132 196 3
133 197 3
134 198 3
135 199 3
136 200 3
137 201 3
138 202 3
139 203 3
140 204 3
141 205 3
142 206 3
143 207 3
144 208 3
145 209 3
146 210 3
147 211 3
148 212 3
149 213 3
150 214 3
151 215 3
152 216 3
153 217 3
154 218 3
155 219 3
156 220 3
157 221 3
158 222 3
159 223 3
160 224 3
161 225 3
162 226 3
163 227 3
164 228 3
165 229 3
166 230 3
167 231 3
168 232 3
169 233 3
170 234 3
171 235 3
172 236 3
173 237 3
174 238 3
175 239 3
176 240 3
177 241 3
178 242 3
179 243 3
180 244 3
181 245 3
182 246 3
183 247 3
184 248 3
185 249 3
186 250 3
187 251 3
188 252 3
189 253 3
190 254 3
191 255 3
0 32 4
1 33 4
2 34 4
3 35 4
4 36 4
5 37 4
6 38 4
7 39 4
8 40 4
9 41 4
10 42 4
11 43 4
12 44 4
13 45 4
14 46 4
15 47 4
16 48 4
17 49 4
18 50 4
19 51 4
20 52 4
21 53 4
22 54 4
23 55 4
24 56 4
25 57 4
26 58 4
27 59 4
28 60 4
29 61 4
30 62 4
31 63 4
64 96 5
65 97 5
66 98 5
67 99 5
68 100 5
69 101 5
70 102 5
71 103 5
72 104 5
73 105 5
74 106 5
75 107 5
76 108 5
77 109 5
78 110 5
79 111 5
80 112 5
81 113 5
82 114 5
83 115 5
84 116 5
85 117 5
86 118 5
87 119 5
88 120 5
89 121 5
90 122 5
91 123 5
92 124 5
93 125 5
94 126 5
95 127 5
128 160 6
129 161 6
130 162 6
131 163 6
132 164 6
133 165 6
134 166 6
135 167 6
136 168 6
137 169 6
138 170 6
139 171 6
140 172 6
141 173 6
142 174 6
143 175 6
144 176 6
145 177 6
146 178 6
147 179 6
148 180 6
149 181 6
150 182 6
151 183 6
152 184 6
153 185 6
154 186 6
155 187 6
156 188 6
157 189 6
158 190 6
159 191 6
192 224 7
193 225 7
194 226 7
195 227 7
196 228 7
197 229 7
198 230 7
199 231 7
200 232 7
201 233 7
202 234 7
203 235 7
204 236 7
205 237 7
206 238 7
207 239 7
208 240 7
209 241 7
210 242 7
211 243 7
212 244 7
213 245 7
214 246 7
215 247 7
216 248 7
217 249 7
218 250 7
219 251 7
220 252 7
221 253 7
222 254 7
223 255 7
0 16 8
1 17 8
2 18 8
3 19 8
4 20 8
5 21 8
6 22 8
7 23 8
8 24 8
9 25 8
10 26 8
11 27 8
12 28 8
13 29 8
14 30 8
15 31 8
32 48 9
33 49 9
34 50 9
35 51 9
36 52 9
37 53 9
38 54 9
39 55 9
40 56 9
41 57 9
42 58 9
43 59 9
44 60 9
45 61 9
46 62 9
47 63 9
64 80 10
65 81 10
66 82 10
67 83 10
68 84 10
69 85 10
70 86 10
71 87 10
72 88 10
73 89 10
74 90 10
75 91 10
76 92 10
77 93 10
78 94 10
79 95 10
96 112 11
97 113 11
98 114 11
99 115 11
100 116 11
101 117 11
102 118 11
103 119 11
104 120 11
105 121 11
106 122 11
107 123 11
108 124 11
109 125 11
110 126 11
111 127 11
128 144 12
129 145 12
130 146 12
131 147 12
132 148 12
133 149 12
134 150 12
135 151 12
136 152 12
137 153 12
138 154 12
139 155 12
140 156 12
141 157 12
142 158 12
143 159 12
160 176 13
161 177 13
162 178 13
163 179 13
164 180 13
165 181 13
166 182 13
167 183 13
168 184 13
169 185 13
170 186 13
171 187 13
172 188 13
173 189 13
174 190 13
175 191 13
192 208 14
193 209 14
194 210 14
195 211 14
196 212 14
197 213 14
198 214 14
199 215 14
200 216 14
201 217 14
202 218 14
203 219 14
204 220 14
205 221 14
206 222 14
207 223 14
224 240 15
225 241 15
226 242 15
227 243 15
228 244 15
229 245 15
230 246 15
231 247 15
232 248 15
233 249 15
234 250 15
235 251 15
236 252 15
237 253 15
238 254 15
239 255 15
0 8 16
1 9 16
2 10 16
3 11 16
4 12 16
5 13 16
6 14 16
7 15 16
16 24 17
17 25 17
18 26 17
19 27 17
20 28 17
21 29 17
22 30 17
23 31 17
32 40 18
33 41 18
34 42 18
35 43 18
36 44 18
37 45 18
38 46 18
39 47 18
48 56 19
49 57 19
50 58 19
51 59 19
52 60 19
53 61 19
54 62 19
55 63 19
64 72 20
65 73 20
66 74 20
67 75 20
68 76 20
69 77 20
70 78 20
71 79 20
80 88 21
81 89 21
82 90 21
83 91 21
84 92 21
85 93 21
86 94 21
87 95 21
96 104 22
97 105 22
98 106 22
99 107 22
100 108 22
101 109 22
102 110 22
103 111 22
112 120 23
113 121 23
114 122 23
115 123 23
116 124 23
117 125 23
118 126 23
119 127 23
128 136 24
129 137 24
130 138 24
131 139 24
132 140 24
133 141 24
134 142 24
135 143 24
144 152 25
145 153 25
146 154 25
147 155 25
148 156 25
149 157 25
150 158 25
151 159 25
160 168 26
161 169 26
162 170 26
163 171 26
164 172 26
165 173 26
166 174 26
167 175 26
176 184 27
177 185 27
178 186 27
179 187 27
180 188 27
181 189 27
182 190 27
183 191 27
192 200 28
193 201 28
194 202 28
195 203 28
196 204 28
197 205 28
198 206 28
199 207 28
208 216 29
209 217 29
210 218 29
211 219 29
212 220 29
213 221 29
214 222 29
215 223 29
224 232 30
225 233 30
226 234 30
227 235 30
228 236 30
229 237 30
230 238 30
231 239 30
240 248 31
241 249 31
242 250 31
243 251 31
244 252 31
245 253 31
246 254 31
247 255 31
0 4 32
1 5 32
2 6 32
3 7 32
8 12 33
9 13 33
10 14 33
11 15 33
16 20 34
17 21 34
18 22 34
19 23 34
24 28 35
25 29 35
26 30 35
27 31 35
32 36 36
33 37 36
34 38 36
35 39 36
40 44 37
41 45 37
42 46 37
43 47 37
48 52 38
49 53 38
50 54 38
51 55 38
56 60 39
57 61 39
58 62 39
59 63 39
64 68 40
65 69 40
66 70 40
67 71 40
72 76 41
73 77 41
74 78 41
75 79 41
80 84 42
81 85 42
82 86 42
83 87 42
88 92 43
89 93 43
90 94 43
91 95 43
96 100 44
97 101 44
98 102 44
99 103 44
104 108 45
105 109 45
106 110 45
107 111 45
112 116 46
113 117 46
114 118 46
115 119 46
120 124 47
121 125 47
122 126 47
123 127 47
128 132 48
129 133 48
130 134 48
131 135 48
136 140 49
137 141 49
138 142 49
139 143 49
144 148 50
145 149 50
146 150 50
147 151 50
152 156 51
153 157 51
154 158 51
155 159 51
160 164 52
161 165 52
162 166 52
163 167 52
168 172 53
169 173 53
170 174 53
171 175 53
176 180 54
177 181 54
178 182 54
179 183 54
184 188 55
185 189 55
186 190 55
187 191 55
192 196 56
193 197 56
194 198 56
195 199 56
200 204 57
201 205 57
202 206 57
203 207 57
208 212 58
209 213 58
210 214 58
211 215 58
216 220 59
217 221 59
218 222 59
219 223 59
224 228 60
225 229 60
226 230 60
227 231 60
232 236 61
233 237 61
234 238 61
235 239 61
240 244 62
241 245 62
242 246 62
243 247 62
248 252 63
249 253 63
250 254 63
251 255 63
0 2 64
1 3 64
4 6 65
5 7 65
8 10 66
9 11 66
12 14 67
13 15 67
16 18 68
17 19 68
20 22 69
21 23 69
24 26 70
25 27 70
28 30 71
29 31 71
32 34 72
33 35 72
36 38 73
37 39 73
40 42 74
41 43 74
44 46 75
45 47 75
48 50 76
49 51 76
52 54 77
53 55 77
56 58 78
57 59 78
60 62 79
61 63 79
64 66 80
65 67 80
68 70 81
69 71 81
72 74 82
73 75 82
76 78 83
77 79 83
80 82 84
81 83 84
84 86 85
85 87 85
88 90 86
89 91 86
92 94 87
93 95 87
96 98 88
97 99 88
100 102 89
101 103 89
104 106 90
105 107 90
108 110 91
109 111 91
112 114 92
113 115 92
116 118 93
117 119 93
120 122 94
121 123 94
124 126 95
125 127 95
128 130 96
129 131 96
132 134 97
133 135 97
136 138 98
137 139 98
140 142 99
141 143 99
144 146 100
145 147 100
148 150 101
149 151 101
152 154 102
153 155 102
156 158 103
157 159 103
160 162 104
161 163 104
164 166 105
165 167 105
168 170 106
169 171 106
172 174 107
173 175 107
176 178 108
177 179 108
180 182 109
181 183 109
184 186 110
185 187 110
188 190 111
189 191 111
192 194 112
193 195 112
196 198 113
197 199 113
200 202 114
201 203 114
204 206 115
205 207 115
208 210 116
209 211 116
212 214 117
213 215 117
216 218 118
217 219 118
220 222 119
221 223 119
224 226 120
225 227 120
228 230 121
229 231 121
232 234 122
233 235 122
236 238 123
237 239 123
240 242 124
241 243 124
244 246 125
245 247 125
248 250 126
249 251 126
252 254 127
253 255 127
0 1 128
2 3 129
4 5 130
6 7 131
8 9 132
10 11 133
12 13 134
14 15 135
16 17 136
18 19 137
20 21 138
22 23 139
24 25 140
26 27 141
28 29 142
30 31 143
32 33 144
34 35 145
36 37 146
38 39 147
40 41 148
42 43 149
44 45 150
46 47 151
48 49 152
50 51 153
52 53 154
54 55 155
56 57 156
58 59 157
60 61 158
62 63 159
64 65 160
66 67 161
68 69 162
70 71 163
72 73 164
74 75 165
76 77 166
78 79 167
80 81 168
82 83 169
84 85 170
86 87 171
88 89 172
90 91 173
92 93 174
94 95 175
96 97 176
98 99 177
100 101 178
102 103 179
104 105 180
106 107 181
108 109 182
110 111 183
112 113 184
114 115 185
116 117 186
118 119 187
120 121 188
122 123 189
124 125 190
126 127 191
128 129 192
130 131 193
132 133 194
134 135 195
136 137 196
138 139 197
140 141 198
142 143 199
144 145 200
146 147 201
148 149 202
150 151 203
152 153 204
154 155 205
156 157 206
158 159 207
160 161 208
162 163 209
164 165 210
166 167 211
168 169 212
170 171 213
172 173 214
174 175 215
176 177 216
178 179 217
180 181 218
182 183 219
184 185 220
186 187 221
188 189 222
190 191 223
192 193 224
194 195 225
196 197 226
198 199 227
200 201 228
202 203 229
204 205 230
206 207 231
208 209 232
210 211 233
212 213 234
214 215 235
216 217 236
218 219 237
220 221 238
222 223 239
224 225 240
226 227 241
228 229 242
230 231 243
232 233 244
234 235 245
236 237 246
238 239 247
240 241 248
242 243 249
244 245 250
246 247 251
248 249 252
250 251 253
252 253 254
254 255 255
